2017-01-01 00:00:00	1900	257	18	12200	955	231	2315
2017-01-01 01:00:00	1897	244	44	12185	986	205	2325
2017-01-01 02:00:00	1784	231	17	12265	1032	232	2172
2017-01-01 03:00:00	1802	200	NULL	12205	1105	249	2142
2017-01-01 04:00:00	1784	215	60	12175	1138	189	2199
2017-01-01 05:00:00	1823	244	NULL	12079	1166	249	2207
2017-01-01 06:00:00	1754	187	NULL	12103	1268	249	2081
2017-01-01 07:00:00	1861	230	NULL	11966	1255	249	2231
2017-01-01 08:00:00	1748	214	NULL	12040	1310	249	2102
2017-01-01 09:00:00	1810	174	17	11954	1374	232	2141
2017-01-01 10:00:00	1702	272	NULL	12023	1315	249	2114
2017-01-01 11:00:00	1718	217	28	11965	1412	221	2103
2017-01-01 12:00:00	1665	279	26	11946	1422	223	2110
2017-01-01 13:00:00	1727	302	NULL	11818	1465	249	2169
2017-01-01 14:00:00	1681	310	23	11798	1523	226	2154
2017-01-01 15:00:00	1731	334	21	11700	1547	228	2226
2017-01-01 16:00:00	1782	372	NULL	11610	1548	249	2294
2017-01-01 17:00:00	1810	327	NULL	11564	1611	249	2277
2017-01-01 18:00:00	1749	397	18	11589	1577	231	2304
2017-01-01 19:00:00	1712	369	84	11602	1629	165	2305
2017-01-01 20:00:00	1731	422	63	11541	1618	186	2356
2017-01-01 21:00:00	1797	467	18	11436	1612	231	2422
2017-01-01 22:00:00	1714	488	18	11468	1642	231	2360
2017-01-01 23:00:00	1698	497	18	11451	1666	231	2353
2017-01-02 00:00:00	1941	250	78	12559	1032	206	3280
2017-01-02 01:00:00	1888	234	139	12582	1078	145	3272
2017-01-02 02:00:00	1849	173	88	12600	1160	196	3121
2017-01-02 03:00:00	1830	199	139	12595	1158	145	3179
2017-01-02 04:00:00	1870	177	44	12537	1198	240	3102
2017-01-02 05:00:00	1890	230	122	12496	1166	162	3253
2017-01-02 06:00:00	1843	233	44	12522	1184	240	3131
2017-01-02 07:00:00	1819	226	95	12537	1200	189	3151
2017-01-02 08:00:00	1836	205	44	12490	1251	240	3096
2017-01-02 09:00:00	1865	182	129	12431	1304	155	3187
2017-01-02 10:00:00	1852	153	81	12408	1369	203	3097
2017-01-02 11:00:00	1833	198	95	12403	1348	189	3137
2017-01-02 12:00:00	1829	226	88	12392	1320	211	3154
2017-01-02 13:00:00	1816	242	95	12366	1343	204	3164
2017-01-02 14:00:00	1863	223	44	12301	1380	255	3141
2017-01-02 15:00:00	1941	257	95	12214	1355	204	3304
2017-01-02 16:00:00	1929	275	44	12202	1361	255	3259
2017-01-02 17:00:00	1871	245	44	12236	1415	255	3171
2017-01-02 18:00:00	1977	284	88	12100	1406	211	3360
2017-01-02 19:00:00	1900	283	96	12144	1440	203	3290
2017-01-02 20:00:00	1879	342	44	12138	1408	255	3276
2017-01-02 21:00:00	1905	382	44	12067	1413	255	3342
2017-01-02 22:00:00	1868	377	62	12074	1448	237	3318
2017-01-02 23:00:00	1866	355	44	12049	1497	255	3276
2017-01-03 00:00:00	1845	222	NULL	12337	806	410	2538
2017-01-03 01:00:00	1837	274	NULL	12330	769	410	2582
2017-01-03 02:00:00	1802	205	NULL	12353	850	410	2478
2017-01-03 03:00:00	1786	184	24	12336	904	386	2465
2017-01-03 04:00:00	1819	190	24	12273	928	386	2504
2017-01-03 05:00:00	1775	170	NULL	12293	972	410	2416
2017-01-03 06:00:00	1818	160	99	12232	1000	311	2548
2017-01-03 07:00:00	1824	141	40	12187	1058	370	2476
2017-01-03 08:00:00	1811	167	47	12167	1065	363	2496
2017-01-03 09:00:00	1733	176	NULL	12215	1086	410	2380
2017-01-03 10:00:00	1780	202	78	12141	1087	332	2531
2017-01-03 11:00:00	1672	171	NULL	12204	1163	410	2314
2017-01-03 12:00:00	1765	176	NULL	12075	1194	410	2412
2017-01-03 13:00:00	1695	205	24	12124	1186	386	2395
2017-01-03 14:00:00	1797	225	34	11992	1196	376	2527
2017-01-03 15:00:00	1781	253	24	11990	1171	401	2529
2017-01-03 16:00:00	1813	177	57	11925	1280	368	2518
2017-01-03 17:00:00	1817	217	24	11894	1267	401	2529
2017-01-03 18:00:00	1832	221	57	11849	1293	368	2581
2017-01-03 19:00:00	1816	246	NULL	11826	1307	425	2533
2017-01-03 20:00:00	1788	292	101	11800	1315	324	2652
2017-01-03 21:00:00	1849	302	65	11700	1344	360	2687
2017-01-03 22:00:00	1800	318	41	11698	1379	384	2630
2017-01-03 23:00:00	1802	347	95	11660	1386	330	2715
2017-01-04 00:00:00	1766	136	51	11937	1200	227	4917
2017-01-04 01:00:00	1878	224	16	11807	1130	262	5082
2017-01-04 02:00:00	1866	196	16	11792	1185	262	5042
2017-01-04 03:00:00	1744	214	55	11902	1179	223	4977
2017-01-04 04:00:00	1764	173	16	11849	1253	262	4917
2017-01-04 05:00:00	1790	206	16	11799	1244	262	4976
2017-01-04 06:00:00	1754	194	59	11820	1271	219	4971
2017-01-04 07:00:00	1808	167	16	11745	1319	262	4955
2017-01-04 08:00:00	1779	218	58	11762	1280	220	5019
2017-01-04 09:00:00	1765	209	16	11767	1298	262	4954
2017-01-04 10:00:00	1782	186	16	11708	1363	262	4948
2017-01-04 11:00:00	1761	179	33	11717	1367	260	4937
2017-01-04 12:00:00	1741	208	33	11719	1356	260	4946
2017-01-04 13:00:00	1699	165	16	11749	1411	277	4844
2017-01-04 14:00:00	1771	196	16	11644	1413	277	4947
2017-01-04 15:00:00	1812	251	34	11582	1379	259	5061
2017-01-04 16:00:00	1776	186	55	11606	1456	238	4981
2017-01-04 17:00:00	1848	191	16	11519	1466	277	5019
2017-01-04 18:00:00	1797	233	16	11552	1442	277	5010
2017-01-04 19:00:00	1820	222	49	11505	1477	244	5055
2017-01-04 20:00:00	1817	250	16	11496	1461	277	5047
2017-01-04 21:00:00	1825	227	59	11461	1511	234	5075
2017-01-04 22:00:00	1833	274	59	11432	1485	234	5130
2017-01-04 23:00:00	1821	252	16	11393	1543	292	5053
2017-01-05 00:00:00	1972	164	33	12713	797	311	2587
2017-01-05 01:00:00	1930	177	17	12737	802	327	2542
2017-01-05 02:00:00	1893	180	NULL	12747	826	344	2491
2017-01-05 03:00:00	1881	181	59	12744	840	285	2539
2017-01-05 04:00:00	1926	179	19	12669	872	325	2542
2017-01-05 05:00:00	1856	181	36	12709	900	308	2491
2017-01-05 06:00:00	1843	178	NULL	12695	930	344	2439
2017-01-05 07:00:00	1894	159	72	12632	961	272	2543
2017-01-05 08:00:00	1952	167	NULL	12556	971	344	2537
2017-01-05 09:00:00	1885	149	44	12584	1028	300	2496
2017-01-05 10:00:00	1898	177	72	12547	1024	272	2565
2017-01-05 11:00:00	1860	175	26	12555	1056	318	2479
2017-01-05 12:00:00	1803	157	NULL	12579	1107	344	2378
2017-01-05 13:00:00	1809	112	44	12525	1200	300	2383
2017-01-05 14:00:00	1844	183	59	12430	1189	285	2504
2017-01-05 15:00:00	1851	129	26	12399	1267	318	2424
2017-01-05 16:00:00	1858	177	79	12353	1258	265	2532
2017-01-05 17:00:00	1970	229	NULL	12229	1218	344	2617
2017-01-05 18:00:00	1888	200	NULL	12290	1253	359	2506
2017-01-05 19:00:00	1845	206	15	12300	1280	344	2484
2017-01-05 20:00:00	1922	234	52	12190	1285	307	2626
2017-01-05 21:00:00	1938	254	63	12111	1328	296	2673
2017-01-05 22:00:00	1932	356	36	12078	1265	323	2742
2017-01-05 23:00:00	1844	334	NULL	12136	1317	359	2596
2017-01-06 00:00:00	1969	201	NULL	12728	1146	143	2171
2017-01-06 01:00:00	1976	204	NULL	12691	1173	143	2181
2017-01-06 02:00:00	1952	171	16	12700	1221	127	2140
2017-01-06 03:00:00	1890	186	NULL	12735	1233	143	2077
2017-01-06 04:00:00	1968	186	40	12627	1263	103	2195
2017-01-06 05:00:00	1958	181	NULL	12619	1271	158	2140
2017-01-06 06:00:00	1929	189	NULL	12612	1299	158	2119
2017-01-06 07:00:00	1875	190	NULL	12624	1325	173	2066
2017-01-06 08:00:00	1804	187	NULL	12659	1349	188	1992
2017-01-06 09:00:00	1881	255	NULL	12540	1323	188	2137
2017-01-06 10:00:00	1900	197	26	12497	1405	162	2124
2017-01-06 11:00:00	1835	186	18	12514	1464	170	2040
2017-01-06 12:00:00	1796	179	NULL	12520	1504	188	1976
2017-01-06 13:00:00	1877	178	27	12403	1541	161	2083
2017-01-06 14:00:00	1848	249	31	12396	1506	157	2129
2017-01-06 15:00:00	1916	234	NULL	12295	1554	188	2151
2017-01-06 16:00:00	1883	227	NULL	12286	1603	188	2111
2017-01-06 17:00:00	1918	214	27	12233	1634	161	2160
2017-01-06 18:00:00	1942	217	27	12167	1673	161	2187
2017-01-06 19:00:00	2005	243	NULL	12071	1680	188	2249
2017-01-06 20:00:00	1981	284	26	12038	1696	162	2292
2017-01-06 21:00:00	2005	252	15	11954	1788	173	2273
2017-01-06 22:00:00	1878	308	45	12051	1762	143	2232
2017-01-06 23:00:00	1857	320	16	12030	1792	172	2194
2017-01-07 00:00:00	1781	169	29	11565	720	150	2159
2017-01-07 01:00:00	1780	165	16	11560	730	163	2141
2017-01-07 02:00:00	1733	130	NULL	11592	780	179	2043
2017-01-07 03:00:00	1773	128	38	11543	791	141	2119
2017-01-07 04:00:00	1691	93	NULL	11607	844	179	1964
2017-01-07 05:00:00	1741	89	17	11548	857	162	2027
2017-01-07 06:00:00	1714	133	NULL	11542	846	179	2027
2017-01-07 07:00:00	1800	117	NULL	11426	892	179	2097
2017-01-07 08:00:00	1714	114	NULL	11491	916	179	2008
2017-01-07 09:00:00	1742	129	16	11436	928	163	2067
2017-01-07 10:00:00	1762	129	64	11401	943	115	2135
2017-01-07 11:00:00	1723	117	29	11434	946	165	2049
2017-01-07 12:00:00	1672	144	NULL	11470	934	194	1996
2017-01-07 13:00:00	1695	122	64	11414	989	130	2061
2017-01-07 14:00:00	1726	130	16	11356	1008	178	2052
2017-01-07 15:00:00	1778	137	NULL	11298	1007	194	2095
2017-01-07 16:00:00	1778	148	56	11298	996	138	2162
2017-01-07 17:00:00	1741	194	NULL	11320	965	194	2115
2017-01-07 18:00:00	1737	193	29	11318	972	165	2139
2017-01-07 19:00:00	1773	240	35	11252	955	159	2228
2017-01-07 20:00:00	1768	243	NULL	11239	970	194	2191
2017-01-07 21:00:00	1772	235	NULL	11223	990	194	2187
2017-01-07 22:00:00	1778	278	NULL	11187	977	194	2236
2017-01-07 23:00:00	1776	236	31	11168	1040	163	2223
2017-01-08 00:00:00	1854	205	NULL	12594	1167	151	2449
2017-01-08 01:00:00	1850	245	19	12562	1163	132	2504
2017-01-08 02:00:00	1844	199	NULL	12541	1236	151	2433
2017-01-08 03:00:00	1795	210	20	12527	1288	131	2415
2017-01-08 04:00:00	1847	247	NULL	12436	1290	151	2484
2017-01-08 05:00:00	1869	227	NULL	12360	1364	151	2486
2017-01-08 06:00:00	1825	200	NULL	12377	1418	151	2415
2017-01-08 07:00:00	1870	173	NULL	12305	1472	151	2433
2017-01-08 08:00:00	1850	164	NULL	12298	1508	151	2404
2017-01-08 09:00:00	1841	190	NULL	12274	1515	151	2421
2017-01-08 10:00:00	1819	176	NULL	12272	1553	151	2385
2017-01-08 11:00:00	1783	179	NULL	12251	1607	151	2352
2017-01-08 12:00:00	1734	181	74	12270	1635	77	2379
2017-01-08 13:00:00	1776	175	16	12177	1692	135	2357
2017-01-08 14:00:00	1761	189	19	12150	1720	132	2359
2017-01-08 15:00:00	1773	259	20	12078	1710	131	2442
2017-01-08 16:00:00	1818	237	NULL	12021	1744	151	2445
2017-01-08 17:00:00	1849	245	NULL	11975	1751	151	2484
2017-01-08 18:00:00	1883	309	NULL	11899	1729	151	2582
2017-01-08 19:00:00	1917	290	NULL	11826	1787	151	2597
2017-01-08 20:00:00	1854	310	NULL	11874	1782	151	2554
2017-01-08 21:00:00	1885	295	NULL	11810	1830	151	2570
2017-01-08 22:00:00	1855	323	NULL	11801	1841	151	2568
2017-01-08 23:00:00	1802	303	NULL	11812	1903	151	2495
2017-01-09 00:00:00	1940	177	50	12813	1171	313	2168
2017-01-09 01:00:00	1908	196	46	12815	1182	317	2151
2017-01-09 02:00:00	1871	156	62	12816	1258	301	2090
2017-01-09 03:00:00	1764	167	55	12899	1271	308	1987
2017-01-09 04:00:00	1873	173	109	12742	1313	254	2156
2017-01-09 05:00:00	1815	107	20	12746	1433	343	1943
2017-01-09 06:00:00	1847	214	NULL	12654	1386	363	2062
2017-01-09 07:00:00	1749	157	NULL	12707	1488	363	1907
2017-01-09 08:00:00	1841	151	NULL	12594	1515	363	1993
2017-01-09 09:00:00	1825	138	NULL	12559	1579	363	1964
2017-01-09 10:00:00	1835	199	NULL	12516	1551	363	2035
2017-01-09 11:00:00	1824	225	20	12500	1552	343	2070
2017-01-09 12:00:00	1757	198	41	12543	1603	322	1997
2017-01-09 13:00:00	1809	217	43	12464	1611	320	2070
2017-01-09 14:00:00	1801	193	20	12439	1668	343	2015
2017-01-09 15:00:00	1831	234	48	12388	1633	330	2114
2017-01-09 16:00:00	1873	259	20	12310	1644	358	2153
2017-01-09 17:00:00	1831	240	20	12337	1678	358	2092
2017-01-09 18:00:00	1858	242	38	12277	1709	340	2139
2017-01-09 19:00:00	1851	248	97	12230	1757	281	2197
2017-01-09 20:00:00	1872	273	20	12182	1759	358	2166
2017-01-09 21:00:00	1842	273	97	12176	1795	281	2213
2017-01-09 22:00:00	1813	279	20	12160	1834	358	2113
2017-01-09 23:00:00	1874	258	20	12060	1894	358	2153
2017-01-10 00:00:00	1870	198	16	12263	1023	195	2376
2017-01-10 01:00:00	1824	138	NULL	12264	1128	211	2254
2017-01-10 02:00:00	1805	167	66	12256	1126	145	2330
2017-01-10 03:00:00	1787	146	26	12241	1180	185	2251
2017-01-10 04:00:00	1781	226	NULL	12217	1130	211	2299
2017-01-10 05:00:00	1763	206	26	12199	1186	185	2287
2017-01-10 06:00:00	1797	172	NULL	12132	1253	211	2261
2017-01-10 07:00:00	1822	156	26	12050	1326	185	2296
2017-01-10 08:00:00	1820	214	NULL	12028	1292	211	2326
2017-01-10 09:00:00	1785	216	17	12036	1317	194	2310
2017-01-10 10:00:00	1800	217	18	12000	1337	193	2327
2017-01-10 11:00:00	1780	215	17	11975	1384	194	2304
2017-01-10 12:00:00	1776	215	25	11952	1411	186	2308
2017-01-10 13:00:00	1798	231	NULL	11900	1425	211	2321
2017-01-10 14:00:00	1834	227	NULL	11834	1459	211	2353
2017-01-10 15:00:00	1855	290	87	11786	1423	124	2524
2017-01-10 16:00:00	1828	249	22	11792	1485	189	2391
2017-01-10 17:00:00	1842	235	NULL	11751	1526	211	2369
2017-01-10 18:00:00	1779	211	16	11799	1565	195	2298
2017-01-10 19:00:00	1783	249	16	11780	1542	195	2340
2017-01-10 20:00:00	1844	302	41	11689	1519	170	2479
2017-01-10 21:00:00	1831	280	34	11675	1568	177	2437
2017-01-10 22:00:00	1827	372	16	11643	1512	195	2507
2017-01-10 23:00:00	1807	315	42	11627	1605	169	2456
2017-01-11 00:00:00	1828	137	18	12488	1023	207	2379
2017-01-11 01:00:00	1824	126	21	12486	1040	204	2367
2017-01-11 02:00:00	1823	157	39	12454	1042	186	2415
2017-01-11 03:00:00	1832	161	64	12430	1053	161	2453
2017-01-11 04:00:00	1755	189	21	12501	1031	204	2361
2017-01-11 05:00:00	1865	161	45	12373	1077	180	2467
2017-01-11 06:00:00	1761	194	40	12429	1092	185	2391
2017-01-11 07:00:00	1839	172	59	12312	1153	166	2466
2017-01-11 08:00:00	1792	193	40	12320	1156	200	2421
2017-01-11 09:00:00	1821	226	21	12255	1159	219	2464
2017-01-11 10:00:00	1776	198	61	12267	1220	179	2431
2017-01-11 11:00:00	1793	231	21	12235	1202	219	2441
2017-01-11 12:00:00	1775	186	21	12226	1274	219	2378
2017-01-11 13:00:00	1769	230	64	12199	1263	176	2459
2017-01-11 14:00:00	1755	187	39	12171	1348	201	2377
2017-01-11 15:00:00	1765	227	24	12140	1329	216	2412
2017-01-11 16:00:00	1736	204	39	12151	1370	201	2375
2017-01-11 17:00:00	1799	215	16	12055	1392	224	2426
2017-01-11 18:00:00	1766	196	24	12058	1441	216	2382
2017-01-11 19:00:00	1819	215	NULL	11990	1437	240	2430
2017-01-11 20:00:00	1861	241	46	11933	1411	209	2544
2017-01-11 21:00:00	1900	230	15	11864	1452	240	2541
2017-01-11 22:00:00	1853	258	NULL	11884	1451	255	2507
2017-01-11 23:00:00	1760	227	NULL	11953	1506	255	2383
2017-01-12 00:00:00	1898	235	60	12560	1076	235	2324
2017-01-12 01:00:00	1876	206	19	12573	1114	276	2232
2017-01-12 02:00:00	1876	186	NULL	12555	1152	295	2193
2017-01-12 03:00:00	1840	249	NULL	12549	1131	295	2220
2017-01-12 04:00:00	1756	208	NULL	12582	1223	295	2095
2017-01-12 05:00:00	1795	186	41	12498	1290	254	2153
2017-01-12 06:00:00	1854	253	NULL	12388	1274	295	2238
2017-01-12 07:00:00	1876	224	NULL	12345	1309	310	2231
2017-01-12 08:00:00	1814	234	38	12386	1320	272	2217
2017-01-12 09:00:00	1866	244	NULL	12289	1355	310	2241
2017-01-12 10:00:00	1819	194	51	12300	1441	259	2195
2017-01-12 11:00:00	1859	246	NULL	12191	1458	310	2236
2017-01-12 12:00:00	1775	230	19	12239	1510	291	2155
2017-01-12 13:00:00	1786	254	NULL	12198	1501	325	2171
2017-01-12 14:00:00	1724	231	75	12227	1557	250	2161
2017-01-12 15:00:00	1744	242	NULL	12159	1594	325	2117
2017-01-12 16:00:00	1836	253	15	12043	1607	310	2235
2017-01-12 17:00:00	1762	299	17	12099	1579	308	2209
2017-01-12 18:00:00	1782	300	52	12058	1599	273	2265
2017-01-12 19:00:00	1785	291	NULL	12031	1632	325	2207
2017-01-12 20:00:00	1860	372	16	11932	1575	309	2379
2017-01-12 21:00:00	1866	312	NULL	11911	1650	325	2309
2017-01-12 22:00:00	1843	406	38	11916	1574	287	2418
2017-01-12 23:00:00	1809	356	22	11929	1630	318	2318
2017-01-13 00:00:00	1887	221	NULL	12029	720	19	2609
2017-01-13 01:00:00	1838	160	NULL	12063	796	19	2499
2017-01-13 02:00:00	1790	150	NULL	12096	821	19	2441
2017-01-13 03:00:00	1817	127	NULL	12051	862	19	2445
2017-01-13 04:00:00	1729	157	NULL	12121	850	19	2387
2017-01-13 05:00:00	1769	134	NULL	12039	915	19	2404
2017-01-13 06:00:00	1787	214	NULL	11985	871	19	2502
2017-01-13 07:00:00	1808	203	NULL	11937	909	19	2512
2017-01-13 08:00:00	1789	195	NULL	11917	956	19	2485
2017-01-13 09:00:00	1720	188	NULL	11944	1005	19	2409
2017-01-13 10:00:00	1800	157	NULL	11834	1066	19	2458
2017-01-13 11:00:00	1747	174	NULL	11857	1079	19	2422
2017-01-13 12:00:00	1784	200	NULL	11787	1086	19	2485
2017-01-13 13:00:00	1724	273	NULL	11805	1055	19	2498
2017-01-13 14:00:00	1751	171	NULL	11742	1193	19	2423
2017-01-13 15:00:00	1767	223	19	11702	1165	NULL	2510
2017-01-13 16:00:00	1768	222	NULL	11674	1193	19	2491
2017-01-13 17:00:00	1811	268	NULL	11616	1162	19	2580
2017-01-13 18:00:00	1736	284	NULL	11685	1152	19	2521
2017-01-13 19:00:00	1764	237	NULL	11630	1226	19	2502
2017-01-13 20:00:00	1845	198	NULL	11531	1283	19	2544
2017-01-13 21:00:00	1822	234	NULL	11509	1292	19	2557
2017-01-13 22:00:00	1793	273	NULL	11532	1259	19	2567
2017-01-13 23:00:00	1764	276	NULL	11528	1274	34	2541
2017-01-14 00:00:00	1805	149	NULL	11831	816	296	2542
2017-01-14 01:00:00	1775	123	NULL	11837	866	296	2486
2017-01-14 02:00:00	1681	169	50	11916	835	246	2488
2017-01-14 03:00:00	1731	114	110	11854	902	186	2543
2017-01-14 04:00:00	1710	183	96	11833	875	200	2577
2017-01-14 05:00:00	1732	148	66	11775	946	230	2534
2017-01-14 06:00:00	1733	137	50	11765	966	246	2508
2017-01-14 07:00:00	1733	139	50	11744	985	246	2510
2017-01-14 08:00:00	1699	160	50	11757	985	246	2497
2017-01-14 09:00:00	1778	173	50	11654	996	246	2589
2017-01-14 10:00:00	1694	161	50	11699	1047	246	2493
2017-01-14 11:00:00	1721	186	67	11642	1052	229	2562
2017-01-14 12:00:00	1719	179	103	11614	1089	193	2589
2017-01-14 13:00:00	1678	182	68	11607	1134	228	2516
2017-01-14 14:00:00	1738	197	66	11523	1143	230	2589
2017-01-14 15:00:00	1667	169	NULL	11561	1189	311	2424
2017-01-14 16:00:00	1740	249	16	11476	1121	295	2593
2017-01-14 17:00:00	1681	182	39	11508	1215	272	2490
2017-01-14 18:00:00	1783	204	NULL	11391	1208	311	2575
2017-01-14 19:00:00	1725	262	NULL	11410	1189	311	2575
2017-01-14 20:00:00	1781	208	18	11321	1276	293	2595
2017-01-14 21:00:00	1698	262	NULL	11377	1249	311	2548
2017-01-14 22:00:00	1672	317	46	11361	1236	265	2623
2017-01-14 23:00:00	1679	271	53	11312	1324	258	2591
2017-01-15 00:00:00	1896	220	21	12797	1398	264	2816
2017-01-15 01:00:00	1865	309	46	12792	1330	254	2899
2017-01-15 02:00:00	1867	281	21	12694	1454	279	2848
2017-01-15 03:00:00	1855	309	40	12640	1492	260	2883
2017-01-15 04:00:00	1846	265	21	12577	1593	294	2811
2017-01-15 05:00:00	1877	238	21	12423	1743	294	2815
2017-01-15 06:00:00	1787	267	21	12441	1786	294	2754
2017-01-15 07:00:00	1869	293	38	12272	1832	292	2879
2017-01-15 08:00:00	1869	301	39	12233	1863	291	2888
2017-01-15 09:00:00	1831	273	66	12214	1948	264	2849
2017-01-15 10:00:00	1860	304	81	12125	1977	249	2924
2017-01-15 11:00:00	1814	281	49	12129	2042	281	2823
2017-01-15 12:00:00	1822	298	21	12061	2085	309	2820
2017-01-15 13:00:00	1759	303	21	12067	2137	309	2762
2017-01-15 14:00:00	1782	304	68	11996	2184	262	2833
2017-01-15 15:00:00	1762	312	43	11974	2218	287	2796
2017-01-15 16:00:00	1844	342	21	11856	2224	309	2886
2017-01-15 17:00:00	1817	307	58	11862	2280	272	2861
2017-01-15 18:00:00	1857	391	43	11795	2208	302	2970
2017-01-15 19:00:00	1789	348	42	11818	2296	303	2858
2017-01-15 20:00:00	1891	414	21	11653	2278	339	3005
2017-01-15 21:00:00	1853	368	127	11643	2372	233	3027
2017-01-15 22:00:00	1763	440	39	11673	2360	321	2921
2017-01-15 23:00:00	1711	425	55	11677	2423	305	2870
2017-01-16 00:00:00	1762	249	20	12072	1183	252	2637
2017-01-16 01:00:00	1755	207	41	12049	1255	231	2609
2017-01-16 02:00:00	1694	212	NULL	12089	1271	272	2512
2017-01-16 03:00:00	1685	205	NULL	12071	1290	287	2496
2017-01-16 04:00:00	1636	179	NULL	12087	1349	287	2421
2017-01-16 05:00:00	1658	177	NULL	11996	1420	287	2441
2017-01-16 06:00:00	1707	185	22	11923	1436	265	2520
2017-01-16 07:00:00	1756	215	48	11850	1430	239	2625
2017-01-16 08:00:00	1745	174	NULL	11819	1513	287	2525
2017-01-16 09:00:00	1732	170	48	11775	1574	239	2556
2017-01-16 10:00:00	1655	220	16	11828	1548	271	2497
2017-01-16 11:00:00	1699	172	48	11733	1647	239	2525
2017-01-16 12:00:00	1640	167	NULL	11753	1691	287	2413
2017-01-16 13:00:00	1689	209	NULL	11683	1670	287	2504
2017-01-16 14:00:00	1641	214	26	11704	1692	261	2487
2017-01-16 15:00:00	1737	179	44	11590	1745	243	2566
2017-01-16 16:00:00	1802	190	26	11486	1773	261	2624
2017-01-16 17:00:00	1691	202	46	11567	1791	241	2545
2017-01-16 18:00:00	1723	217	48	11493	1818	239	2594
2017-01-16 19:00:00	1737	255	26	11452	1807	261	2624
2017-01-16 20:00:00	1729	288	62	11436	1798	225	2685
2017-01-16 21:00:00	1758	278	26	11377	1838	261	2668
2017-01-16 22:00:00	1709	272	26	11405	1865	261	2613
2017-01-16 23:00:00	1658	276	46	11444	1873	241	2586
2017-01-17 00:00:00	1819	333	NULL	11810	928	359	2236
2017-01-17 01:00:00	1800	315	36	11817	958	323	2235
2017-01-17 02:00:00	1753	323	36	11843	971	323	2196
2017-01-17 03:00:00	1814	296	59	11761	1019	300	2253
2017-01-17 04:00:00	1776	398	NULL	11787	929	359	2258
2017-01-17 05:00:00	1799	369	59	11749	973	300	2311
2017-01-17 06:00:00	1771	334	NULL	11765	1020	359	2189
2017-01-17 07:00:00	1743	330	NULL	11778	1039	359	2157
2017-01-17 08:00:00	1680	341	97	11817	1052	262	2202
2017-01-17 09:00:00	1674	310	NULL	11793	1113	359	2068
2017-01-17 10:00:00	1768	322	15	11660	1125	359	2189
2017-01-17 11:00:00	1722	305	15	11682	1166	359	2126
2017-01-17 12:00:00	1769	294	15	11614	1198	359	2162
2017-01-17 13:00:00	1752	314	35	11583	1226	339	2185
2017-01-17 14:00:00	1726	315	52	11576	1243	337	2177
2017-01-17 15:00:00	1697	329	15	11575	1259	374	2125
2017-01-17 16:00:00	1736	391	33	11494	1239	356	2244
2017-01-17 17:00:00	1637	391	33	11569	1263	356	2145
2017-01-17 18:00:00	1755	424	15	11436	1245	374	2278
2017-01-17 19:00:00	1663	429	15	11507	1261	374	2191
2017-01-17 20:00:00	1726	402	32	11423	1309	357	2244
2017-01-17 21:00:00	1664	429	38	11464	1303	351	2215
2017-01-17 22:00:00	1735	422	71	11363	1340	318	2312
2017-01-17 23:00:00	1687	496	73	11375	1302	316	2340
2017-01-18 00:00:00	1876	204	40	12205	1109	143	2706
2017-01-18 01:00:00	1759	238	NULL	12271	1126	183	2583
2017-01-18 02:00:00	1810	210	NULL	12214	1145	198	2606
2017-01-18 03:00:00	1741	196	NULL	12238	1204	198	2523
2017-01-18 04:00:00	1727	209	NULL	12216	1227	198	2522
2017-01-18 05:00:00	1735	186	40	12145	1313	158	2547
2017-01-18 06:00:00	1751	181	16	12069	1378	182	2534
2017-01-18 07:00:00	1834	178	15	11968	1399	183	2613
2017-01-18 08:00:00	1782	161	54	11990	1446	144	2583
2017-01-18 09:00:00	1813	208	NULL	11929	1429	198	2607
2017-01-18 10:00:00	1841	196	NULL	11868	1474	198	2623
2017-01-18 11:00:00	1751	273	NULL	11904	1451	198	2610
2017-01-18 12:00:00	1733	222	NULL	11889	1535	198	2541
2017-01-18 13:00:00	1761	248	15	11810	1560	183	2610
2017-01-18 14:00:00	1787	235	15	11736	1621	183	2623
2017-01-18 15:00:00	1721	237	NULL	11778	1643	198	2544
2017-01-18 16:00:00	1705	250	NULL	11758	1666	198	2541
2017-01-18 17:00:00	1656	222	NULL	11789	1712	198	2464
2017-01-18 18:00:00	1646	261	NULL	11775	1697	198	2493
2017-01-18 19:00:00	1672	295	NULL	11719	1693	198	2553
2017-01-18 20:00:00	1697	335	NULL	11661	1686	198	2618
2017-01-18 21:00:00	1730	399	60	11592	1658	138	2775
2017-01-18 22:00:00	1729	356	NULL	11545	1749	198	2671
2017-01-18 23:00:00	1641	394	NULL	11591	1753	198	2621
2017-01-19 00:00:00	1962	371	17	12559	1101	126	2737
2017-01-19 01:00:00	1925	354	71	12581	1133	72	2737
2017-01-19 02:00:00	1895	330	NULL	12575	1193	143	2612
2017-01-19 03:00:00	1874	334	21	12554	1231	122	2616
2017-01-19 04:00:00	1801	336	17	12579	1277	126	2541
2017-01-19 05:00:00	1857	322	17	12445	1369	126	2583
2017-01-19 06:00:00	1729	355	NULL	12501	1408	143	2471
2017-01-19 07:00:00	1825	361	NULL	12354	1453	143	2573
2017-01-19 08:00:00	1837	350	NULL	12294	1512	143	2574
2017-01-19 09:00:00	1823	334	54	12260	1576	89	2598
2017-01-19 10:00:00	1910	347	NULL	12101	1635	143	2644
2017-01-19 11:00:00	1841	368	NULL	12110	1674	143	2596
2017-01-19 12:00:00	1849	354	NULL	12042	1748	143	2590
2017-01-19 13:00:00	1805	379	NULL	12029	1780	143	2571
2017-01-19 14:00:00	1827	371	16	11932	1863	127	2601
2017-01-19 15:00:00	1825	426	NULL	11883	1859	143	2638
2017-01-19 16:00:00	1763	459	19	11909	1862	124	2628
2017-01-19 17:00:00	1737	470	NULL	11914	1872	143	2594
2017-01-19 18:00:00	1774	507	NULL	11847	1865	143	2668
2017-01-19 19:00:00	1793	515	NULL	11786	1899	143	2695
2017-01-19 20:00:00	1835	600	17	11702	1856	126	2839
2017-01-19 21:00:00	1842	652	17	11641	1858	126	2898
2017-01-19 22:00:00	1803	689	16	11581	1920	127	2895
2017-01-19 23:00:00	1768	609	54	11559	2057	89	2818
2017-01-20 00:00:00	1932	321	59	11603	903	142	2434
2017-01-20 01:00:00	1845	253	16	11657	1004	185	2236
2017-01-20 02:00:00	1733	243	NULL	11751	1032	201	2098
2017-01-20 03:00:00	1726	207	NULL	11725	1101	201	2055
2017-01-20 04:00:00	1807	226	NULL	11629	1097	201	2155
2017-01-20 05:00:00	1720	230	NULL	11692	1117	201	2072
2017-01-20 06:00:00	1825	245	43	11551	1138	158	2235
2017-01-20 07:00:00	1833	218	24	11510	1198	177	2197
2017-01-20 08:00:00	1826	263	22	11496	1174	179	2233
2017-01-20 09:00:00	1833	225	24	11456	1245	177	2204
2017-01-20 10:00:00	1819	185	37	11455	1300	164	2163
2017-01-20 11:00:00	1807	202	42	11434	1316	159	2173
2017-01-20 12:00:00	1780	207	NULL	11434	1338	201	2109
2017-01-20 13:00:00	1775	181	NULL	11412	1391	201	2078
2017-01-20 14:00:00	1775	212	NULL	11382	1390	201	2109
2017-01-20 15:00:00	1767	184	16	11360	1448	185	2089
2017-01-20 16:00:00	1815	211	NULL	11294	1439	201	2148
2017-01-20 17:00:00	1802	210	NULL	11280	1467	201	2134
2017-01-20 18:00:00	1771	294	68	11299	1395	133	2255
2017-01-20 19:00:00	1889	313	NULL	11148	1409	201	2324
2017-01-20 20:00:00	1830	332	NULL	11180	1417	201	2284
2017-01-20 21:00:00	1907	304	16	11079	1469	185	2349
2017-01-20 22:00:00	1861	354	22	11101	1443	179	2359
2017-01-20 23:00:00	1852	387	34	11098	1422	167	2395
2017-01-21 00:00:00	1738	139	NULL	11966	1167	133	2093
2017-01-21 01:00:00	1738	169	35	11942	1161	98	2158
2017-01-21 02:00:00	1698	112	NULL	11955	1245	133	2026
2017-01-21 03:00:00	1732	159	NULL	11885	1234	133	2107
2017-01-21 04:00:00	1663	157	NULL	11921	1269	133	2036
2017-01-21 05:00:00	1666	169	19	11876	1299	114	2070
2017-01-21 06:00:00	1688	166	NULL	11827	1329	133	2070
2017-01-21 07:00:00	1666	133	NULL	11822	1389	133	2015
2017-01-21 08:00:00	1716	169	NULL	11736	1389	133	2101
2017-01-21 09:00:00	1670	142	17	11758	1440	116	2045
2017-01-21 10:00:00	1726	139	NULL	11678	1467	133	2081
2017-01-21 11:00:00	1701	219	55	11649	1441	78	2191
2017-01-21 12:00:00	1655	197	NULL	11671	1487	133	2068
2017-01-21 13:00:00	1598	177	NULL	11689	1546	133	1991
2017-01-21 14:00:00	1626	141	NULL	11619	1624	133	1983
2017-01-21 15:00:00	1611	187	NULL	11607	1605	133	2014
2017-01-21 16:00:00	1587	157	37	11598	1668	96	1997
2017-01-21 17:00:00	1687	217	NULL	11462	1644	133	2120
2017-01-21 18:00:00	1644	237	20	11466	1648	128	2117
2017-01-21 19:00:00	1748	216	NULL	11323	1708	148	2180
2017-01-21 20:00:00	1681	286	NULL	11360	1668	148	2183
2017-01-21 21:00:00	1669	240	NULL	11342	1744	148	2125
2017-01-21 22:00:00	1684	290	NULL	11270	1751	148	2190
2017-01-21 23:00:00	1594	299	17	11348	1754	131	2126
2017-01-22 00:00:00	1712	210	25	10901	941	95	2411
2017-01-22 01:00:00	1665	160	NULL	10927	1012	120	2289
2017-01-22 02:00:00	1582	192	NULL	10986	1004	120	2238
2017-01-22 03:00:00	1603	180	15	10938	1028	120	2262
2017-01-22 04:00:00	1623	189	15	10897	1040	120	2291
2017-01-22 05:00:00	1631	162	15	10859	1097	120	2272
2017-01-22 06:00:00	1689	158	15	10768	1134	120	2326
2017-01-22 07:00:00	1679	169	15	10730	1171	120	2327
2017-01-22 08:00:00	1695	197	15	10690	1152	135	2371
2017-01-22 09:00:00	1664	169	15	10679	1222	135	2312
2017-01-22 10:00:00	1702	166	40	10626	1240	110	2372
2017-01-22 11:00:00	1640	189	30	10658	1247	120	2323
2017-01-22 12:00:00	1605	174	15	10675	1280	135	2258
2017-01-22 13:00:00	1632	195	88	10612	1295	62	2379
2017-01-22 14:00:00	1658	198	15	10544	1334	135	2335
2017-01-22 15:00:00	1676	207	15	10505	1346	135	2362
2017-01-22 16:00:00	1667	229	15	10472	1366	135	2375
2017-01-22 17:00:00	1631	201	15	10487	1415	135	2311
2017-01-22 18:00:00	1618	266	15	10488	1362	135	2363
2017-01-22 19:00:00	1650	233	40	10435	1416	110	2387
2017-01-22 20:00:00	1707	301	15	10363	1363	135	2487
2017-01-22 21:00:00	1695	309	37	10363	1367	113	2505
2017-01-22 22:00:00	1628	312	15	10403	1391	135	2419
2017-01-22 23:00:00	1624	311	15	10386	1413	135	2414
2017-01-23 00:00:00	1523	113	NULL	9914	1004	43	1699
2017-01-23 01:00:00	1473	156	NULL	9937	973	58	1692
2017-01-23 02:00:00	1463	127	NULL	9920	1029	58	1653
2017-01-23 03:00:00	1455	124	NULL	9904	1056	58	1642
2017-01-23 04:00:00	1461	118	NULL	9853	1107	58	1642
2017-01-23 05:00:00	1450	133	NULL	9828	1128	58	1646
2017-01-23 06:00:00	1480	137	NULL	9768	1154	58	1680
2017-01-23 07:00:00	1483	170	NULL	9744	1142	58	1716
2017-01-23 08:00:00	1548	156	NULL	9646	1189	58	1767
2017-01-23 09:00:00	1507	169	15	9645	1218	43	1754
2017-01-23 10:00:00	1470	197	NULL	9655	1217	58	1730
2017-01-23 11:00:00	1455	195	NULL	9643	1246	58	1713
2017-01-23 12:00:00	1503	121	25	9565	1350	33	1712
2017-01-23 13:00:00	1456	186	43	9576	1321	15	1748
2017-01-23 14:00:00	1458	126	25	9550	1405	33	1672
2017-01-23 15:00:00	1460	147	25	9533	1399	33	1695
2017-01-23 16:00:00	1502	147	25	9470	1420	33	1737
2017-01-23 17:00:00	1488	159	25	9466	1426	33	1735
2017-01-23 18:00:00	1477	229	25	9450	1383	33	1794
2017-01-23 19:00:00	1461	229	25	9418	1431	33	1778
2017-01-23 20:00:00	1523	298	43	9347	1371	15	1927
2017-01-23 21:00:00	1500	236	40	9355	1448	18	1839
2017-01-23 22:00:00	1486	276	NULL	9336	1441	58	1825
2017-01-23 23:00:00	1454	285	15	9350	1435	58	1817
2017-01-24 00:00:00	1431	352	16	9637	1482	77	2179
2017-01-24 01:00:00	1410	411	NULL	9616	1465	93	2201
2017-01-24 02:00:00	1394	385	41	9599	1524	52	2200
2017-01-24 03:00:00	1367	349	NULL	9587	1584	108	2096
2017-01-24 04:00:00	1407	335	NULL	9490	1655	108	2122
2017-01-24 05:00:00	1446	324	NULL	9394	1708	123	2150
2017-01-24 06:00:00	1362	359	NULL	9400	1751	123	2101
2017-01-24 07:00:00	1376	373	NULL	9359	1764	123	2129
2017-01-24 08:00:00	1369	351	NULL	9342	1810	123	2100
2017-01-24 09:00:00	1398	352	NULL	9277	1845	123	2130
2017-01-24 10:00:00	1377	376	NULL	9259	1860	123	2133
2017-01-24 11:00:00	1413	396	NULL	9193	1870	123	2189
2017-01-24 12:00:00	1376	387	NULL	9167	1942	123	2143
2017-01-24 13:00:00	1341	395	NULL	9118	2018	123	2116
2017-01-24 14:00:00	1364	434	30	9065	2009	93	2208
2017-01-24 15:00:00	1359	443	NULL	9040	2030	123	2182
2017-01-24 16:00:00	1371	483	NULL	9001	2017	123	2234
2017-01-24 17:00:00	1334	437	NULL	9017	2084	123	2151
2017-01-24 18:00:00	1379	436	NULL	8951	2106	123	2195
2017-01-24 19:00:00	1383	444	56	8920	2110	82	2263
2017-01-24 20:00:00	1342	480	15	8916	2104	138	2217
2017-01-24 21:00:00	1355	498	15	8873	2116	138	2248
2017-01-24 22:00:00	1329	501	15	8884	2128	138	2225
2017-01-24 23:00:00	1353	440	15	8836	2213	138	2188
2017-01-25 00:00:00	1584	519	19	9719	2326	223	2123
2017-01-25 01:00:00	1544	478	21	9693	2433	221	2044
2017-01-25 02:00:00	1529	460	70	9630	2529	172	2060
2017-01-25 03:00:00	1541	425	81	9549	2633	161	2048
2017-01-25 04:00:00	1526	448	70	9459	2715	172	2045
2017-01-25 05:00:00	1528	411	19	9352	2842	238	1959
2017-01-25 06:00:00	1527	428	28	9275	2903	229	1984
2017-01-25 07:00:00	1591	452	NULL	9154	2936	257	2044
2017-01-25 08:00:00	1491	454	80	9185	3003	177	2026
2017-01-25 09:00:00	1532	492	20	9099	3010	237	2045
2017-01-25 10:00:00	1504	500	NULL	9073	3056	257	2005
2017-01-25 11:00:00	1549	588	41	8959	3037	216	2179
2017-01-25 12:00:00	1490	539	NULL	8925	3179	257	2030
2017-01-25 13:00:00	1471	577	NULL	8872	3213	257	2049
2017-01-25 14:00:00	1431	539	19	8855	3308	238	1990
2017-01-25 15:00:00	1441	587	38	8803	3302	219	2067
2017-01-25 16:00:00	1423	561	20	8791	3358	237	2005
2017-01-25 17:00:00	1446	630	34	8735	3322	223	2111
2017-01-25 18:00:00	1375	726	NULL	8773	3259	257	2102
2017-01-25 19:00:00	1452	638	NULL	8645	3398	257	2091
2017-01-25 20:00:00	1471	753	NULL	8575	3334	257	2225
2017-01-25 21:00:00	1476	618	NULL	8519	3520	257	2095
2017-01-25 22:00:00	1427	720	19	8538	3448	238	2167
2017-01-25 23:00:00	1379	647	21	8556	3551	236	2048
2017-01-26 00:00:00	1566	486	79	9837	2864	284	2449
2017-01-26 01:00:00	1558	504	55	9827	2864	308	2435
2017-01-26 02:00:00	1512	456	22	9828	2957	341	2308
2017-01-26 03:00:00	1490	449	22	9817	2997	341	2279
2017-01-26 04:00:00	1559	499	96	9700	2995	267	2472
2017-01-26 05:00:00	1486	485	22	9692	3090	341	2311
2017-01-26 06:00:00	1482	462	65	9615	3194	298	2327
2017-01-26 07:00:00	1496	516	38	9547	3194	325	2368
2017-01-26 08:00:00	1551	486	83	9441	3275	280	2438
2017-01-26 09:00:00	1472	564	38	9454	3263	325	2392
2017-01-26 10:00:00	1498	485	51	9371	3399	312	2352
2017-01-26 11:00:00	1514	503	78	9310	3426	285	2413
2017-01-26 12:00:00	1477	485	50	9284	3507	313	2330
2017-01-26 13:00:00	1417	475	22	9263	3598	341	2232
2017-01-26 14:00:00	1375	466	38	9254	3658	325	2197
2017-01-26 15:00:00	1394	475	22	9202	3682	341	2209
2017-01-26 16:00:00	1419	464	22	9141	3729	341	2223
2017-01-26 17:00:00	1441	507	22	9095	3710	341	2288
2017-01-26 18:00:00	1485	525	39	9024	3719	324	2367
2017-01-26 19:00:00	1483	522	22	8990	3758	341	2345
2017-01-26 20:00:00	1498	590	22	8933	3732	341	2428
2017-01-26 21:00:00	1466	559	54	8911	3817	309	2397
2017-01-26 22:00:00	1496	575	103	8836	3846	260	2492
2017-01-26 23:00:00	1446	718	22	8862	3712	356	2504
2017-01-27 00:00:00	1473	517	48	10141	3681	242	2186
2017-01-27 01:00:00	1476	446	NULL	10102	3788	290	2070
2017-01-27 02:00:00	1375	572	NULL	10122	3743	290	2095
2017-01-27 03:00:00	1442	394	NULL	10010	3951	305	1984
2017-01-27 04:00:00	1401	516	33	9985	3895	272	2098
2017-01-27 05:00:00	1418	524	15	9860	3980	305	2105
2017-01-27 06:00:00	1416	530	39	9760	4061	296	2133
2017-01-27 07:00:00	1429	522	17	9714	4102	318	2116
2017-01-27 08:00:00	1451	577	79	9665	4074	256	2255
2017-01-27 09:00:00	1443	437	71	9646	4241	264	2099
2017-01-27 10:00:00	1419	510	94	9631	4207	241	2171
2017-01-27 11:00:00	1422	487	NULL	9571	4287	335	2057
2017-01-27 12:00:00	1404	524	56	9496	4343	279	2132
2017-01-27 13:00:00	1371	509	38	9454	4433	297	2066
2017-01-27 14:00:00	1400	550	117	9374	4443	218	2215
2017-01-27 15:00:00	1374	497	56	9370	4526	279	2075
2017-01-27 16:00:00	1356	505	56	9352	4554	279	2065
2017-01-27 17:00:00	1387	494	NULL	9294	4592	335	2029
2017-01-27 18:00:00	1350	570	141	9295	4552	194	2209
2017-01-27 19:00:00	1431	597	49	9178	4561	286	2225
2017-01-27 20:00:00	1447	716	79	9126	4478	256	2390
2017-01-27 21:00:00	1452	621	NULL	9064	4630	335	2221
2017-01-27 22:00:00	1344	629	71	9121	4673	264	2192
2017-01-27 23:00:00	1368	659	38	9073	4667	297	2213
2017-01-28 00:00:00	1537	368	61	9939	2985	355	2115
2017-01-28 01:00:00	1547	382	NULL	9899	3001	416	2078
2017-01-28 02:00:00	1452	427	61	9952	2998	355	2089
2017-01-28 03:00:00	1471	323	19	9885	3150	397	1962
2017-01-28 04:00:00	1500	371	79	9835	3123	337	2099
2017-01-28 05:00:00	1501	383	60	9771	3174	356	2093
2017-01-28 06:00:00	1488	403	61	9727	3211	355	2101
2017-01-28 07:00:00	1492	422	44	9696	3219	372	2107
2017-01-28 08:00:00	1483	507	61	9678	3161	355	2200
2017-01-28 09:00:00	1537	504	16	9609	3179	400	2206
2017-01-28 10:00:00	1458	508	52	9655	3208	364	2167
2017-01-28 11:00:00	1417	474	36	9660	3278	380	2076
2017-01-28 12:00:00	1374	441	41	9664	3350	375	2005
2017-01-28 13:00:00	1439	553	19	9548	3289	397	2160
2017-01-28 14:00:00	1398	409	67	9577	3445	349	2023
2017-01-28 15:00:00	1364	468	NULL	9581	3416	416	1981
2017-01-28 16:00:00	1362	439	54	9553	3475	362	2004
2017-01-28 17:00:00	1402	386	NULL	9462	3579	416	1937
2017-01-28 18:00:00	1440	450	NULL	9385	3539	431	2039
2017-01-28 19:00:00	1464	430	41	9316	3604	390	2084
2017-01-28 20:00:00	1454	483	17	9287	3590	414	2103
2017-01-28 21:00:00	1523	525	57	9179	3587	374	2254
2017-01-28 22:00:00	1481	620	17	9179	3534	414	2267
2017-01-28 23:00:00	1442	551	28	9203	3603	418	2170
2017-01-29 00:00:00	1531	412	16	9864	2850	554	2173
2017-01-29 01:00:00	1426	500	NULL	9909	2822	570	2140
2017-01-29 02:00:00	1437	406	75	9862	2952	495	2132
2017-01-29 03:00:00	1402	353	40	9843	3044	545	2009
2017-01-29 04:00:00	1451	390	33	9737	3064	552	2088
2017-01-29 05:00:00	1396	391	64	9705	3135	536	2065
2017-01-29 06:00:00	1399	479	39	9612	3137	561	2131
2017-01-29 07:00:00	1456	415	107	9540	3216	493	2192
2017-01-29 08:00:00	1476	383	42	9481	3272	573	2115
2017-01-29 09:00:00	1455	430	39	9445	3282	576	2138
2017-01-29 10:00:00	1496	400	23	9365	3351	592	2133
2017-01-29 11:00:00	1402	504	70	9405	3301	545	2190
2017-01-29 12:00:00	1402	421	99	9348	3441	516	2136
2017-01-29 13:00:00	1393	454	29	9306	3459	586	2090
2017-01-29 14:00:00	1379	387	78	9290	3556	537	2058
2017-01-29 15:00:00	1375	445	44	9267	3525	571	2078
2017-01-29 16:00:00	1344	451	65	9271	3546	550	2074
2017-01-29 17:00:00	1411	489	38	9168	3544	577	2152
2017-01-29 18:00:00	1413	507	83	9142	3535	547	2217
2017-01-29 19:00:00	1424	512	38	9077	3584	592	2188
2017-01-29 20:00:00	1464	597	99	8992	3544	531	2374
2017-01-29 21:00:00	1416	625	115	9007	3549	515	2370
2017-01-29 22:00:00	1426	641	75	8979	3551	555	2356
2017-01-29 23:00:00	1435	514	NULL	8943	3705	630	2163
2017-01-30 00:00:00	1480	621	NULL	9866	2780	452	2259
2017-01-30 01:00:00	1457	596	23	9862	2832	429	2234
2017-01-30 02:00:00	1398	649	104	9861	2839	348	2309
2017-01-30 03:00:00	1367	603	78	9847	2930	374	2206
2017-01-30 04:00:00	1380	582	NULL	9744	3041	452	2120
2017-01-30 05:00:00	1374	618	45	9684	3056	422	2195
2017-01-30 06:00:00	1484	521	23	9517	3210	444	2186
2017-01-30 07:00:00	1450	609	43	9515	3158	424	2260
2017-01-30 08:00:00	1471	646	NULL	9434	3181	467	2275
2017-01-30 09:00:00	1428	686	NULL	9444	3174	467	2272
2017-01-30 10:00:00	1397	558	21	9442	3335	446	2134
2017-01-30 11:00:00	1418	635	61	9364	3315	406	2272
2017-01-30 12:00:00	1429	612	47	9239	3437	435	2246
2017-01-30 13:00:00	1352	659	48	9202	3504	434	2217
2017-01-30 14:00:00	1358	738	124	9151	3455	373	2378
2017-01-30 15:00:00	1388	696	NULL	9100	3518	497	2242
2017-01-30 16:00:00	1390	681	NULL	9086	3545	497	2229
2017-01-30 17:00:00	1405	694	23	9047	3556	474	2280
2017-01-30 18:00:00	1442	686	40	8986	3588	457	2326
2017-01-30 19:00:00	1507	684	78	8888	3623	419	2427
2017-01-30 20:00:00	1449	667	137	8910	3676	360	2411
2017-01-30 21:00:00	1401	793	40	8937	3571	457	2392
2017-01-30 22:00:00	1446	835	59	8862	3559	438	2498
2017-01-30 23:00:00	1362	770	94	8916	3654	403	2384
2017-01-31 00:00:00	1528	524	NULL	9995	3432	196	2911
2017-01-31 01:00:00	1412	601	NULL	10057	3409	196	2872
2017-01-31 02:00:00	1405	467	39	10013	3594	157	2770
2017-01-31 03:00:00	1385	501	NULL	9991	3602	196	2745
2017-01-31 04:00:00	1437	549	21	9849	3644	175	2866
2017-01-31 05:00:00	1435	531	36	9770	3743	160	2861
2017-01-31 06:00:00	1446	592	19	9669	3772	177	2916
2017-01-31 07:00:00	1489	639	22	9584	3767	174	3009
2017-01-31 08:00:00	1507	624	18	9518	3830	178	3008
2017-01-31 09:00:00	1429	623	NULL	9566	3861	196	2911
2017-01-31 10:00:00	1420	641	45	9527	3891	151	2965
2017-01-31 11:00:00	1424	584	NULL	9481	3990	196	2867
2017-01-31 12:00:00	1427	643	37	9421	3988	159	2966
2017-01-31 13:00:00	1412	688	NULL	9376	4003	196	2959
2017-01-31 14:00:00	1400	676	18	9310	4078	193	2953
2017-01-31 15:00:00	1416	636	NULL	9264	4148	211	2911
2017-01-31 16:00:00	1402	667	18	9257	4138	193	2946
2017-01-31 17:00:00	1423	593	45	9200	4248	166	2920
2017-01-31 18:00:00	1424	625	NULL	9151	4264	211	2908
2017-01-31 19:00:00	1406	673	21	9139	4246	190	2959
2017-01-31 20:00:00	1484	570	34	9040	4370	177	2947
2017-01-31 21:00:00	1359	781	NULL	9114	4210	211	2999
2017-01-31 22:00:00	1423	725	NULL	9017	4299	211	3007
2017-01-31 23:00:00	1377	650	NULL	9036	4401	211	2886
